         DURATION     CHOKE_1         THP         THT     CASING_A  \
count  186.000000  185.000000  185.000000  184.000000   185.000000   
mean    18.699189   89.285297  310.704541  101.583098  1122.822162   
std     11.027840   28.597153  169.485120   29.545503   524.018675   
min      0.000000   11.130000   37.000000   79.000000    73.000000   
25%     12.000000  101.130000  230.930000   86.000000   877.450000   
50%     18.849595  101.130000  245.000000   91.000000  1283.000000   
75%     24.000000  101.130000  271.000000   99.250000  1528.000000   
max     79.000000  101.130000  866.000000  197.000000  1767.000000   

               OIL       WATER       LIQUID  WATERCUT_PCT         GAS  \
count   185.000000  185.000000   185.000000    185.000000  185.000000   
mean    298.672351   14.057157   502.219508     11.992472    3.399850   
std     331.511019   18.470191   335.404469     15.946410    1.849581   
min     134.000000    4.510000   328.000000      3.987000    2.632000   
25%     145.000000    4.510000   341.200000      3.987000    2.655000   
50%     212.920000    5.810000   415.262000      5.805182    2.690000   
75%     268.900000   17.910000   475.240000     13.362000    2.932000   
max    2401.250000  116.510000  2595.250000    101.634059   10.842000   

        TOTAL_GAS  GAS_LIFT_RATE  GAS_LIFT_CHOKE           GOR         WGR  \
count  154.000000     154.000000       64.000000    185.000000  185.000000   
mean     4.628710       1.857930       52.599391  14617.334475    3.913891   
std      1.427921       1.420620       27.872692   6237.056418    4.248870   
min      3.174000       0.542000        0.000000   1712.441437    0.443374   
25%      3.401750       0.557750       36.500000  10817.106460    1.712940   
50%      4.183000       1.458500       41.000000  13509.933775    2.126444   
75%      5.634000       2.786283       71.000000  18951.923077    5.305084   
max      9.444000       6.762000      100.000000  53102.941176   31.659210   

       LIQUID_GAS_RATIO_CALC  CGR   Gas (x1000)  
count             185.000000  0.0    185.000000  
mean              150.971311  NaN   3399.849568  
std                54.455907  NaN   1849.581391  
min                46.386043  NaN   2632.000000  
25%               125.957447  NaN   2655.000000  
50%               146.396731  NaN   2690.000000  
75%               164.903320  NaN   2932.000000  
max               631.140564  NaN  10842.000000  
         DURATION     CHOKE_1         THP         THT     CASING_A  \
count  185.000000  185.000000  184.000000  184.000000   183.000000   
mean    18.699189   88.155297  275.192065  101.583098  1061.295628   
std     11.057766   28.597153  168.732280   29.545503   515.140234   
min      0.000000   10.000000   97.000000   79.000000     0.000000   
25%     12.000000  100.000000  194.732500   86.000000   828.500000   
50%     19.000000  100.000000  208.000000   91.000000  1223.920000   
75%     24.000000  100.000000  234.250000   99.250000  1456.000000   
max     79.000000  100.000000  829.000000  197.000000  1694.000000   

               OIL       WATER       LIQUID  WATERCUT_PCT         GAS  \
count   185.000000  185.000000   185.000000    185.000000  185.000000   
mean    164.672351    9.547157   174.219508      8.005472    0.767850   
std     331.511019   18.470191   335.404469     15.946410    1.849581   
min       0.000000    0.000000     0.000000      0.000000    0.000000   
25%      11.000000    0.000000    13.200000      0.000000    0.023000   
50%      78.920000    1.300000    87.262000      1.818182    0.058000   
75%     134.900000   13.400000   147.240000      9.375000    0.300000   
max    2267.250000  112.000000  2267.250000     97.647059    8.210000   

        TOTAL_GAS  GAS_LIFT_RATE  GAS_LIFT_CHOKE           GOR         WGR  \
count  154.000000     154.000000       67.000000  1.850000e+02   65.000000   
mean     1.454712       1.315930       67.622761  2.631077e+04   34.665356   
std      1.428005       1.420620       95.641388  1.862114e+05  105.734229   
min      0.000000       0.000000        0.000000  0.000000e+00    0.000000   
25%      0.227750       0.015750       36.500000  3.988372e+02    0.000000   
50%      1.006000       0.916500       41.000000  8.314437e+02    3.691748   
75%      2.462500       2.244283       77.000000  3.908795e+03   13.914286   
max      6.270000       6.220000      652.773183  2.295000e+06  783.709677   

       LIQUID_GAS_RATIO_CALC  CGR  Gas Lift (x1000)  
count             185.000000  0.0        185.000000  
mean             1206.243074  NaN       1095.422757  
std              1101.420233  NaN       1386.003790  
min                 0.000000  NaN          0.000000  
25%               152.091954  NaN          0.000000  
50%              1050.000000  NaN        660.000000  
75%              2486.666667  NaN       1800.000000  
max              3392.857143  NaN       6220.000000  
