             index         glir           qo           qt           wc           ch           gor
count  4967.000000  4967.000000  4967.000000  4967.000000  4967.000000  4967.000000   4967.000000
mean   2484.000000   187.294916   209.693213   409.981462    10.021975  1327.354184  14275.192547
std    1433.993724   143.047992    61.454992    66.874207    10.677645   287.919429   3919.117356
min       1.000000    54.200000   134.000000   328.000000     3.990000   465.860000   7615.670000
25%    1242.500000    56.000000   145.000000   339.950000     3.990000  1133.000000  11151.920000
50%    2484.000000   146.000000   208.000000   407.030000     5.300000  1370.000000  13463.020000
75%    3725.500000   281.200000   247.000000   455.520000    11.990000  1548.000000  18480.160000
max    4967.000000   676.200000   382.370000   604.810000    63.990000  1767.000000  21955.220000
             index         glir           qo           qt           wc           ch           gor     glir_old           tes        gor_old  Unnamed: 10  Unnamed: 11
count  4967.000000  4967.000000  4967.000000  4967.000000  4967.000000  4967.000000   4967.000000  4967.000000   4967.000000    4967.000000  1969.000000  1969.000000
mean   2484.000000   995.903322    77.586465    82.820298     6.653493  1254.354184  57100.770187   187.294916  14275.192547    5245.958657   149.914957   899.489741
std    1433.993724   747.187112    60.759708    65.292774     8.805085   287.919429  15676.469425   143.047992   3919.117356   15151.169446   120.750490   724.502940
min       1.000000   271.000000     1.000000     1.360000     0.140000   392.860000  30462.680000    54.200000   7615.670000       8.000000    54.200000   325.200000
25%    1242.500000   336.000000    13.300000    14.390000     1.540000  1060.000000  44607.680000    56.000000  11151.920000     400.000000    55.700000   334.200000
50%    2484.000000   793.000000    74.440000    80.380000     4.000000  1297.000000  53852.080000   146.000000  13463.020000     812.500000    95.200000   571.200000
75%    3725.500000  1491.000000   117.720000   124.560000     8.800000  1475.000000  73920.640000   281.200000  18480.160000    1955.640000   210.200000  1261.200000
max    4967.000000  3381.000000   248.370000   272.700000    60.000000  1694.000000  87820.880000   676.200000  21955.220000  107361.960000   533.600000  3201.600000